[1] 67
     yr mo period Treatment_Number plot stake     east   north species sex reprod vagina nipples pregnant wgt    tag note2 ltag
11 2008  6    361                1    1    11 681207.3 3535281      DO   M                                 46 4D4329           
12 2008  4    359                1    1    11 681207.3 3535281      DO   M                                 55 4D4329           
13 2009  3    371                1    1    11 681207.3 3535281      DO   M                                 50 3F7433     *     
25 2003  2    296                1    1    11 681207.3 3535281      DO   F             S       R           59 0C2314          0
42 2008  3    358                1    1    12 681213.5 3535282      DO   F             S                   55 4A522D           
43 2007  7    350                1    1    12 681213.5 3535282      DO   M                                 44 1E553F           
   note3 note5
11            
12            
13            
25            
42            
43            
[1] 20
[1] 23 20
        yr mo period Treatment_Number plot stake     east   north species sex reprod vagina nipples pregnant wgt     tag note2
393   2000  6    265                1    1    47 681244.5 3535263      DO   F                     E           50  0001DM     *
452   2000 11    270                1    1    45 681231.9 3535263      DO   M                                 51  425A73      
744   2000  9    269                1    1    66 681238.4 3535251      DO   M                                 50  425A73      
797   2000 11    270                1    1    64 681226.0 3535251      DO                                     51  38444F     *
821   2000  8    268                1    1    63 681219.9 3535250      DO   M                                 51  425A73     *
958   2000 12    271                1    1    75 681232.2 3535244      DO   M                                 52  425A73      
992   2000  7    266                1    1    76 681238.4 3535244      DO   F                     E           53  357657     *
4258  2000 11    270                2    6    12 681589.2 3535310      DO   F                     E           50 1004258      
5222  2000  7    266                3   24    25 681710.9 3535251      DO   F                     B           46 1005222      
5267  2000  8    268                3   24    66 681717.9 3535227      DO   M                                 59 1005267      
5745  2000  7    266                1    8    26 681344.5 3535167      DO   F                                 50  0001DO      
5747  2000 11    270                1    8    26 681344.5 3535167      DO   F                                 49  747878     *
5857  2000  6    265                1    8    31 681313.5 3535159      DO   F                     E           52  0001DO      
5999  2000  4    264                1    8    46 681345.1 3535154      DO   M                                 60  7004DO      
6005  2000 12    271                1    8    46 681345.1 3535154      DO   M                                 46  490947      
6181  2000 11    270                1    8    53 681326.7 3535147      DO   M                                 45  490947      
6319  2000  6    265                1    8    65 681339.6 3535141      DO   M                                 35  253468     *
6340  2000  9    269                1    8    64 681333.1 3535141      DO   M                                 46  490947     *
6814  2000  6    265                1    9    23 681401.4 3535167      DO   M                                 44  7C645B     *
7059  2000  8    268                1    9    41 681389.3 3535154      DO   M                                 46  194745     *
7812  2000  6    265                1   11    21 681539.5 3535191      DO   M                                 NA  2A7F76     *
15807 2000  3    263                3   16    22 681460.7 3535083      DO   M                                 41 1015807      
15876 2000  3    263                3   16    53 681467.3 3535065      DO   M                                 41 1015876      
      ltag note3 note5
393      0            
452      0            
744      0            
797      0            
821      0            
958      0            
992      0            
4258     0           R
5222     0           R
5267     0           R
5745     0            
5747     0            
5857     0            
5999     0            
6005     0            
6181     0            
6319     0            
6340     0            
6814     0            
7059     0            
7812     0            
15807    0           R
15876    0           R
[1] 0.8
[1]  6 11  9  8 12  7  4  3
 [1] 12  7  4  3 10  9  6 11  8  5  1  2
[1] 12
 [1]  7 11  8  6  9 12  1  4  3  2
[1]  8  5  3 10  1  4  9 11
[1]  1 10 11  9  5  4  3  8
 [1] 11 10 12  6  5  4  7  2  3  9
[1] 10
[1] 10
[1] 8
[1] 9
[1] 9
[1] 10
[1] 12
[1] 12
[1] 0.9138
[1] 0.8
[1] 0.9249
 [1]  17  29 111  89  39  58  34  99 126  68
 [1] 211 185 268 263 146 216 254 575 175 101
RStudioGD 
        2 
RStudioGD 
        2 
RStudioGD 
        2 
RStudioGD 
        2 
RStudioGD 
        2 
RStudioGD 
        2 
RStudioGD 
        2 
RStudioGD 
        2 
RStudioGD 
        2 
RStudioGD 
        2 
RStudioGD 
        2 
RStudioGD 
        2 
RStudioGD 
        2 
RStudioGD 
        2 
